1.89,0.00,1.75
1.89,0.09,1.75
1.87,0.18,1.75
1.85,0.27,1.75
1.82,0.36,1.75
1.78,0.44,1.75
1.74,0.52,1.75
1.68,0.59,1.75
1.62,0.66,1.75
1.55,0.72,1.75
1.48,0.78,1.75
1.40,0.83,1.75
1.32,0.87,1.75
1.24,0.90,1.75
1.15,0.92,1.75
1.06,0.94,1.75
0.97,0.94,1.75
0.88,0.94,1.75
0.79,0.93,1.75
0.70,0.91,1.75
0.61,0.88,1.75
0.53,0.85,1.75
0.45,0.80,1.75
0.37,0.75,1.75
0.30,0.69,1.75
0.24,0.63,1.75
0.18,0.56,1.75
0.13,0.48,1.75
0.09,0.40,1.75
0.05,0.31,1.75
0.03,0.23,1.75
0.01,0.14,1.75
0.00,0.05,1.75
0.00,-0.05,1.75
0.01,-0.14,1.75
0.03,-0.23,1.75
0.05,-0.31,1.75
0.09,-0.40,1.75
0.13,-0.48,1.75
0.18,-0.56,1.75
0.24,-0.63,1.75
0.30,-0.69,1.75
0.37,-0.75,1.75
0.45,-0.80,1.75
0.53,-0.85,1.75
0.61,-0.88,1.75
0.70,-0.91,1.75
0.79,-0.93,1.75
0.88,-0.94,1.75
0.97,-0.94,1.75
1.06,-0.94,1.75
1.15,-0.92,1.75
1.24,-0.90,1.75
1.32,-0.87,1.75
1.40,-0.83,1.75
1.48,-0.78,1.75
1.55,-0.72,1.75
1.62,-0.66,1.75
1.68,-0.59,1.75
1.74,-0.52,1.75
1.78,-0.44,1.75
1.82,-0.36,1.75
1.85,-0.27,1.75
1.87,-0.18,1.75
1.89,-0.09,1.75
1.89,0.00,1.75
1.89,0.00,2.45
1.89,0.09,2.45
1.87,0.18,2.45
1.85,0.27,2.45
1.82,0.36,2.45
1.78,0.44,2.45
1.74,0.52,2.45
1.68,0.59,2.45
1.62,0.66,2.45
1.55,0.72,2.45
1.48,0.78,2.45
1.40,0.83,2.45
1.32,0.87,2.45
1.24,0.90,2.45
1.15,0.92,2.45
1.06,0.94,2.45
0.97,0.94,2.45
0.88,0.94,2.45
0.79,0.93,2.45
0.70,0.91,2.45
0.61,0.88,2.45
0.53,0.85,2.45
0.45,0.80,2.45
0.37,0.75,2.45
0.30,0.69,2.45
0.24,0.63,2.45
0.18,0.56,2.45
0.13,0.48,2.45
0.09,0.40,2.45
0.05,0.31,2.45
0.03,0.23,2.45
0.01,0.14,2.45
0.00,0.05,2.45
0.00,-0.05,2.45
0.01,-0.14,2.45
0.03,-0.23,2.45
0.05,-0.31,2.45
0.09,-0.40,2.45
0.13,-0.48,2.45
0.18,-0.56,2.45
0.24,-0.63,2.45
0.30,-0.69,2.45
0.37,-0.75,2.45
0.45,-0.80,2.45
0.53,-0.85,2.45
0.61,-0.88,2.45
0.70,-0.91,2.45
0.79,-0.93,2.45
0.88,-0.94,2.45
0.97,-0.94,2.45
1.06,-0.94,2.45
1.15,-0.92,2.45
1.24,-0.90,2.45
1.32,-0.87,2.45
1.40,-0.83,2.45
1.48,-0.78,2.45
1.55,-0.72,2.45
1.62,-0.66,2.45
1.68,-0.59,2.45
1.74,-0.52,2.45
1.78,-0.44,2.45
1.82,-0.36,2.45
1.85,-0.27,2.45
1.87,-0.18,2.45
1.89,-0.09,2.45
1.89,0.00,2.45
2.04,0.00,3.50
2.04,0.10,3.50
2.02,0.20,3.50
2.00,0.29,3.50
1.97,0.38,3.50
1.92,0.47,3.50
1.87,0.56,3.50
1.82,0.64,3.50
1.75,0.71,3.50
1.68,0.78,3.50
1.60,0.84,3.50
1.52,0.89,3.50
1.43,0.94,3.50
1.34,0.97,3.50
1.24,1.00,3.50
1.14,1.01,3.50
1.05,1.02,3.50
0.95,1.02,3.50
0.85,1.01,3.50
0.75,0.98,3.50
0.66,0.95,3.50
0.57,0.91,3.50
0.48,0.87,3.50
0.40,0.81,3.50
0.33,0.75,3.50
0.26,0.68,3.50
0.19,0.60,3.50
0.14,0.52,3.50
0.10,0.43,3.50
0.06,0.34,3.50
0.03,0.24,3.50
0.01,0.15,3.50
0.00,0.05,3.50
0.00,-0.05,3.50
0.01,-0.15,3.50
0.03,-0.24,3.50
0.06,-0.34,3.50
0.10,-0.43,3.50
0.14,-0.52,3.50
0.19,-0.60,3.50
0.26,-0.68,3.50
0.33,-0.75,3.50
0.40,-0.81,3.50
0.48,-0.87,3.50
0.57,-0.91,3.50
0.66,-0.95,3.50
0.75,-0.98,3.50
0.85,-1.01,3.50
0.95,-1.02,3.50
1.05,-1.02,3.50
1.14,-1.01,3.50
1.24,-1.00,3.50
1.34,-0.97,3.50
1.43,-0.94,3.50
1.52,-0.89,3.50
1.60,-0.84,3.50
1.68,-0.78,3.50
1.75,-0.71,3.50
1.82,-0.64,3.50
1.87,-0.56,3.50
1.92,-0.47,3.50
1.97,-0.38,3.50
2.00,-0.29,3.50
2.02,-0.20,3.50
2.04,-0.10,3.50
2.04,0.00,3.50
2.25,-0.43,5.25
2.24,-0.43,5.25
2.22,-0.42,5.25
2.19,-0.40,5.25
2.15,-0.37,5.25
2.10,-0.34,5.25
2.04,-0.31,5.25
1.96,-0.27,5.25
1.88,-0.24,5.25
1.80,-0.20,5.25
1.70,-0.16,5.25
1.60,-0.12,5.25
1.50,-0.08,5.25
1.39,-0.05,5.25
1.28,-0.01,5.25
1.17,0.03,5.25
1.06,0.06,5.25
0.95,0.09,5.25
0.85,0.11,5.25
0.75,0.13,5.25
0.66,0.14,5.25
0.56,0.15,5.25
0.48,0.15,5.25
0.39,0.14,5.25
0.31,0.14,5.25
0.24,0.12,5.25
0.18,0.11,5.25
0.12,0.09,5.25
0.08,0.07,5.25
0.04,0.05,5.25
0.01,0.02,5.25
0.00,0.01,5.25
0.00,0.00,5.25
0.00,0.00,5.25
0.00,0.00,5.25
0.00,-0.01,5.25
0.00,-0.01,5.25
0.00,-0.02,5.25
0.02,-0.05,5.25
0.04,-0.08,5.25
0.08,-0.12,5.25
0.13,-0.16,5.25
0.18,-0.20,5.25
0.24,-0.24,5.25
0.31,-0.28,5.25
0.38,-0.31,5.25
0.45,-0.35,5.25
0.53,-0.37,5.25
0.61,-0.38,5.25
0.70,-0.39,5.25
0.80,-0.39,5.25
0.91,-0.38,5.25
1.02,-0.37,5.25
1.15,-0.36,5.25
1.28,-0.35,5.25
1.41,-0.34,5.25
1.54,-0.34,5.25
1.67,-0.34,5.25
1.80,-0.34,5.25
1.91,-0.35,5.25
2.01,-0.36,5.25
2.10,-0.38,5.25
2.17,-0.40,5.25
2.22,-0.42,5.25
2.24,-0.43,5.25
2.25,-0.43,5.25
2.50,-0.48,7.00
2.49,-0.48,7.00
2.47,-0.46,7.00
2.43,-0.44,7.00
2.38,-0.41,7.00
2.33,-0.38,7.00
2.26,-0.34,7.00
2.18,-0.30,7.00
2.09,-0.26,7.00
1.99,-0.22,7.00
1.89,-0.18,7.00
1.78,-0.14,7.00
1.66,-0.09,7.00
1.54,-0.05,7.00
1.42,-0.01,7.00
1.30,0.03,7.00
1.18,0.07,7.00
1.06,0.10,7.00
0.94,0.13,7.00
0.83,0.15,7.00
0.73,0.16,7.00
0.63,0.17,7.00
0.53,0.17,7.00
0.44,0.16,7.00
0.35,0.15,7.00
0.27,0.14,7.00
0.20,0.12,7.00
0.14,0.10,7.00
0.08,0.08,7.00
0.04,0.05,7.00
0.02,0.03,7.00
0.00,0.01,7.00
0.00,0.00,7.00
0.00,0.00,7.00
0.00,0.00,7.00
0.00,-0.01,7.00
0.00,-0.01,7.00
0.00,-0.02,7.00
0.02,-0.06,7.00
0.05,-0.09,7.00
0.09,-0.13,7.00
0.14,-0.17,7.00
0.20,-0.22,7.00
0.27,-0.26,7.00
0.34,-0.31,7.00
0.42,-0.35,7.00
0.50,-0.38,7.00
0.58,-0.41,7.00
0.67,-0.43,7.00
0.77,-0.43,7.00
0.88,-0.43,7.00
1.01,-0.42,7.00
1.14,-0.41,7.00
1.27,-0.40,7.00
1.42,-0.39,7.00
1.57,-0.38,7.00
1.71,-0.38,7.00
1.86,-0.38,7.00
1.99,-0.38,7.00
2.12,-0.39,7.00
2.23,-0.40,7.00
2.33,-0.42,7.00
2.41,-0.44,7.00
2.46,-0.46,7.00
2.49,-0.48,7.00
2.50,-0.48,7.00
2.75,-0.53,8.75
2.74,-0.52,8.75
2.71,-0.51,8.75
2.67,-0.48,8.75
2.62,-0.45,8.75
2.56,-0.41,8.75
2.48,-0.37,8.75
2.40,-0.33,8.75
2.30,-0.29,8.75
2.19,-0.25,8.75
2.08,-0.20,8.75
1.95,-0.15,8.75
1.83,-0.10,8.75
1.69,-0.06,8.75
1.56,-0.01,8.75
1.43,0.03,8.75
1.29,0.07,8.75
1.16,0.11,8.75
1.04,0.14,8.75
0.92,0.16,8.75
0.80,0.18,8.75
0.69,0.18,8.75
0.58,0.18,8.75
0.48,0.18,8.75
0.38,0.17,8.75
0.30,0.15,8.75
0.22,0.13,8.75
0.15,0.11,8.75
0.09,0.08,8.75
0.05,0.06,8.75
0.02,0.03,8.75
0.00,0.01,8.75
0.00,0.00,8.75
0.00,0.00,8.75
0.00,0.00,8.75
0.00,-0.01,8.75
0.00,-0.02,8.75
0.00,-0.03,8.75
0.02,-0.06,8.75
0.05,-0.10,8.75
0.10,-0.15,8.75
0.15,-0.19,8.75
0.22,-0.24,8.75
0.29,-0.29,8.75
0.37,-0.34,8.75
0.46,-0.38,8.75
0.55,-0.42,8.75
0.64,-0.45,8.75
0.74,-0.47,8.75
0.85,-0.48,8.75
0.97,-0.47,8.75
1.11,-0.47,8.75
1.25,-0.45,8.75
1.40,-0.44,8.75
1.56,-0.43,8.75
1.72,-0.42,8.75
1.88,-0.41,8.75
2.04,-0.41,8.75
2.19,-0.42,8.75
2.33,-0.43,8.75
2.46,-0.44,8.75
2.56,-0.47,8.75
2.65,-0.49,8.75
2.71,-0.51,8.75
2.74,-0.52,8.75
2.75,-0.53,8.75
2.63,-0.43,10.50
2.62,-0.43,10.50
2.60,-0.42,10.50
2.56,-0.39,10.50
2.51,-0.36,10.50
2.45,-0.33,10.50
2.38,-0.29,10.50
2.29,-0.26,10.50
2.20,-0.22,10.50
2.10,-0.18,10.50
1.98,-0.14,10.50
1.87,-0.09,10.50
1.74,-0.05,10.50
1.62,-0.01,10.50
1.49,0.03,10.50
1.36,0.07,10.50
1.23,0.11,10.50
1.10,0.14,10.50
0.98,0.16,10.50
0.87,0.18,10.50
0.76,0.19,10.50
0.65,0.19,10.50
0.55,0.19,10.50
0.45,0.18,10.50
0.36,0.17,10.50
0.28,0.15,10.50
0.20,0.13,10.50
0.14,0.11,10.50
0.09,0.08,10.50
0.04,0.06,10.50
0.02,0.03,10.50
0.00,0.01,10.50
0.00,0.00,10.50
0.00,0.00,10.50
0.00,0.00,10.50
0.00,-0.01,10.50
0.00,-0.02,10.50
0.00,-0.03,10.50
0.02,-0.06,10.50
0.05,-0.10,10.50
0.10,-0.14,10.50
0.15,-0.18,10.50
0.22,-0.23,10.50
0.29,-0.27,10.50
0.37,-0.31,10.50
0.45,-0.35,10.50
0.54,-0.39,10.50
0.62,-0.42,10.50
0.72,-0.43,10.50
0.82,-0.44,10.50
0.94,-0.43,10.50
1.07,-0.42,10.50
1.20,-0.40,10.50
1.35,-0.39,10.50
1.50,-0.37,10.50
1.65,-0.36,10.50
1.81,-0.35,10.50
1.96,-0.34,10.50
2.10,-0.34,10.50
2.23,-0.35,10.50
2.35,-0.36,10.50
2.45,-0.38,10.50
2.54,-0.40,10.50
2.59,-0.42,10.50
2.62,-0.43,10.50
2.63,-0.43,10.50
2.51,-0.35,12.25
2.51,-0.34,12.25
2.48,-0.33,12.25
2.44,-0.31,12.25
2.39,-0.28,12.25
2.34,-0.25,12.25
2.27,-0.22,12.25
2.19,-0.18,12.25
2.10,-0.15,12.25
2.00,-0.11,12.25
1.89,-0.08,12.25
1.78,-0.04,12.25
1.66,0.00,12.25
1.54,0.04,12.25
1.41,0.07,12.25
1.29,0.10,12.25
1.17,0.13,12.25
1.05,0.16,12.25
0.93,0.18,12.25
0.82,0.20,12.25
0.72,0.20,12.25
0.61,0.20,12.25
0.52,0.20,12.25
0.42,0.19,12.25
0.34,0.17,12.25
0.26,0.15,12.25
0.19,0.13,12.25
0.13,0.11,12.25
0.08,0.08,12.25
0.04,0.06,12.25
0.01,0.03,12.25
0.00,0.01,12.25
0.00,0.00,12.25
0.00,0.00,12.25
0.00,0.00,12.25
0.00,-0.01,12.25
0.00,-0.02,12.25
0.00,-0.03,12.25
0.02,-0.06,12.25
0.05,-0.09,12.25
0.10,-0.13,12.25
0.15,-0.17,12.25
0.21,-0.21,12.25
0.28,-0.25,12.25
0.36,-0.29,12.25
0.44,-0.33,12.25
0.52,-0.36,12.25
0.60,-0.38,12.25
0.70,-0.39,12.25
0.80,-0.39,12.25
0.91,-0.39,12.25
1.03,-0.37,12.25
1.15,-0.35,12.25
1.29,-0.33,12.25
1.43,-0.31,12.25
1.58,-0.30,12.25
1.73,-0.28,12.25
1.87,-0.27,12.25
2.01,-0.27,12.25
2.13,-0.27,12.25
2.25,-0.28,12.25
2.34,-0.30,12.25
2.42,-0.31,12.25
2.48,-0.33,12.25
2.51,-0.34,12.25
2.51,-0.35,12.25
2.39,-0.26,14.00
2.38,-0.26,14.00
2.36,-0.25,14.00
2.32,-0.23,14.00
2.28,-0.20,14.00
2.22,-0.17,14.00
2.16,-0.15,14.00
2.08,-0.12,14.00
1.99,-0.09,14.00
1.90,-0.05,14.00
1.79,-0.02,14.00
1.69,0.01,14.00
1.57,0.04,14.00
1.46,0.08,14.00
1.34,0.11,14.00
1.22,0.13,14.00
1.10,0.16,14.00
0.99,0.18,14.00
0.88,0.20,14.00
0.77,0.21,14.00
0.67,0.21,14.00
0.58,0.21,14.00
0.48,0.20,14.00
0.40,0.19,14.00
0.32,0.17,14.00
0.24,0.15,14.00
0.18,0.13,14.00
0.12,0.11,14.00
0.07,0.08,14.00
0.04,0.05,14.00
0.01,0.03,14.00
0.00,0.01,14.00
0.00,0.00,14.00
0.00,0.00,14.00
0.00,0.00,14.00
0.00,-0.01,14.00
0.00,-0.01,14.00
0.01,-0.02,14.00
0.02,-0.05,14.00
0.05,-0.09,14.00
0.10,-0.12,14.00
0.15,-0.16,14.00
0.21,-0.19,14.00
0.27,-0.23,14.00
0.35,-0.27,14.00
0.42,-0.30,14.00
0.50,-0.33,14.00
0.58,-0.35,14.00
0.67,-0.36,14.00
0.76,-0.36,14.00
0.87,-0.34,14.00
0.98,-0.33,14.00
1.10,-0.31,14.00
1.23,-0.28,14.00
1.37,-0.26,14.00
1.51,-0.24,14.00
1.64,-0.22,14.00
1.78,-0.21,14.00
1.91,-0.21,14.00
2.03,-0.20,14.00
2.14,-0.21,14.00
2.23,-0.22,14.00
2.30,-0.23,14.00
2.36,-0.25,14.00
2.38,-0.26,14.00
2.39,-0.26,14.00
2.27,-0.19,15.75
2.26,-0.18,15.75
2.24,-0.17,15.75
2.20,-0.15,15.75
2.16,-0.13,15.75
2.11,-0.11,15.75
2.04,-0.08,15.75
1.97,-0.06,15.75
1.89,-0.03,15.75
1.79,0.00,15.75
1.70,0.03,15.75
1.59,0.06,15.75
1.48,0.08,15.75
1.37,0.11,15.75
1.26,0.14,15.75
1.15,0.16,15.75
1.04,0.18,15.75
0.93,0.20,15.75
0.82,0.21,15.75
0.72,0.22,15.75
0.63,0.22,15.75
0.54,0.22,15.75
0.45,0.21,15.75
0.37,0.19,15.75
0.29,0.17,15.75
0.22,0.15,15.75
0.16,0.13,15.75
0.11,0.11,15.75
0.07,0.08,15.75
0.03,0.05,15.75
0.01,0.03,15.75
0.00,0.01,15.75
0.00,0.00,15.75
0.00,0.00,15.75
0.00,0.00,15.75
0.00,-0.01,15.75
0.00,-0.01,15.75
0.01,-0.02,15.75
0.02,-0.05,15.75
0.05,-0.08,15.75
0.09,-0.11,15.75
0.14,-0.15,15.75
0.20,-0.18,15.75
0.26,-0.21,15.75
0.33,-0.25,15.75
0.41,-0.27,15.75
0.48,-0.30,15.75
0.56,-0.32,15.75
0.64,-0.32,15.75
0.73,-0.32,15.75
0.83,-0.30,15.75
0.94,-0.29,15.75
1.05,-0.26,15.75
1.17,-0.24,15.75
1.30,-0.21,15.75
1.43,-0.19,15.75
1.56,-0.17,15.75
1.69,-0.15,15.75
1.81,-0.14,15.75
1.92,-0.14,15.75
2.03,-0.14,15.75
2.11,-0.15,15.75
2.18,-0.16,15.75
2.23,-0.17,15.75
2.26,-0.18,15.75
2.27,-0.19,15.75
2.14,-0.12,17.50
2.14,-0.11,17.50
2.11,-0.10,17.50
2.08,-0.09,17.50
2.04,-0.07,17.50
1.99,-0.05,17.50
1.93,-0.02,17.50
1.86,0.00,17.50
1.78,0.02,17.50
1.69,0.05,17.50
1.60,0.07,17.50
1.50,0.09,17.50
1.40,0.12,17.50
1.29,0.14,17.50
1.18,0.16,17.50
1.08,0.18,17.50
0.97,0.20,17.50
0.87,0.21,17.50
0.77,0.22,17.50
0.68,0.23,17.50
0.59,0.23,17.50
0.50,0.22,17.50
0.42,0.21,17.50
0.34,0.19,17.50
0.27,0.17,17.50
0.21,0.15,17.50
0.15,0.13,17.50
0.10,0.10,17.50
0.06,0.08,17.50
0.03,0.05,17.50
0.01,0.03,17.50
0.00,0.01,17.50
0.00,0.00,17.50
0.00,0.00,17.50
0.00,0.00,17.50
0.00,-0.01,17.50
0.00,-0.01,17.50
0.01,-0.02,17.50
0.02,-0.05,17.50
0.05,-0.08,17.50
0.09,-0.10,17.50
0.14,-0.13,17.50
0.19,-0.16,17.50
0.25,-0.19,17.50
0.32,-0.22,17.50
0.39,-0.25,17.50
0.46,-0.27,17.50
0.54,-0.29,17.50
0.61,-0.29,17.50
0.70,-0.28,17.50
0.79,-0.27,17.50
0.89,-0.25,17.50
1.00,-0.22,17.50
1.11,-0.19,17.50
1.23,-0.17,17.50
1.35,-0.14,17.50
1.47,-0.12,17.50
1.59,-0.10,17.50
1.71,-0.09,17.50
1.82,-0.08,17.50
1.91,-0.08,17.50
2.00,-0.09,17.50
2.06,-0.09,17.50
2.11,-0.10,17.50
2.14,-0.11,17.50
2.14,-0.12,17.50
2.01,-0.09,19.25
2.01,-0.09,19.25
1.99,-0.08,19.25
1.96,-0.07,19.25
1.92,-0.05,19.25
1.87,-0.03,19.25
1.82,-0.01,19.25
1.76,0.00,19.25
1.69,0.02,19.25
1.61,0.04,19.25
1.53,0.06,19.25
1.44,0.08,19.25
1.34,0.10,19.25
1.25,0.11,19.25
1.15,0.13,19.25
1.05,0.14,19.25
0.95,0.16,19.25
0.85,0.17,19.25
0.76,0.17,19.25
0.67,0.18,19.25
0.58,0.18,19.25
0.50,0.17,19.25
0.42,0.16,19.25
0.34,0.15,19.25
0.27,0.14,19.25
0.21,0.12,19.25
0.16,0.11,19.25
0.11,0.09,19.25
0.07,0.07,19.25
0.04,0.05,19.25
0.02,0.03,19.25
0.00,0.01,19.25
0.00,0.00,19.25
0.00,0.00,19.25
0.00,0.00,19.25
0.00,0.00,19.25
0.00,-0.01,19.25
0.00,-0.01,19.25
0.01,-0.02,19.25
0.04,-0.03,19.25
0.07,-0.05,19.25
0.11,-0.07,19.25
0.16,-0.08,19.25
0.22,-0.10,19.25
0.29,-0.12,19.25
0.37,-0.13,19.25
0.44,-0.15,19.25
0.52,-0.16,19.25
0.60,-0.17,19.25
0.68,-0.16,19.25
0.77,-0.15,19.25
0.87,-0.13,19.25
0.97,-0.11,19.25
1.08,-0.09,19.25
1.20,-0.07,19.25
1.32,-0.06,19.25
1.43,-0.05,19.25
1.54,-0.04,19.25
1.65,-0.04,19.25
1.74,-0.04,19.25
1.83,-0.05,19.25
1.90,-0.06,19.25
1.95,-0.07,19.25
1.99,-0.08,19.25
2.01,-0.09,19.25
2.01,-0.09,19.25
1.88,-0.07,21.00
1.88,-0.07,21.00
1.86,-0.06,21.00
1.83,-0.05,21.00
1.80,-0.03,21.00
1.75,-0.02,21.00
1.70,0.00,21.00
1.65,0.02,21.00
1.58,0.03,21.00
1.51,0.05,21.00
1.43,0.07,21.00
1.34,0.08,21.00
1.26,0.10,21.00
1.16,0.12,21.00
1.07,0.13,21.00
0.98,0.14,21.00
0.89,0.15,21.00
0.80,0.16,21.00
0.71,0.17,21.00
0.62,0.17,21.00
0.54,0.17,21.00
0.46,0.16,21.00
0.39,0.16,21.00
0.32,0.15,21.00
0.25,0.13,21.00
0.20,0.12,21.00
0.14,0.10,21.00
0.10,0.08,21.00
0.06,0.06,21.00
0.04,0.05,21.00
0.01,0.03,21.00
0.00,0.01,21.00
0.00,0.00,21.00
0.00,0.00,21.00
0.00,0.00,21.00
0.00,0.00,21.00
0.00,-0.01,21.00
0.00,-0.01,21.00
0.01,-0.02,21.00
0.03,-0.03,21.00
0.06,-0.05,21.00
0.10,-0.06,21.00
0.15,-0.08,21.00
0.21,-0.09,21.00
0.28,-0.11,21.00
0.35,-0.12,21.00
0.42,-0.14,21.00
0.49,-0.15,21.00
0.56,-0.15,21.00
0.64,-0.14,21.00
0.72,-0.13,21.00
0.81,-0.11,21.00
0.91,-0.10,21.00
1.02,-0.08,21.00
1.12,-0.06,21.00
1.23,-0.04,21.00
1.34,-0.03,21.00
1.44,-0.03,21.00
1.54,-0.02,21.00
1.63,-0.03,21.00
1.71,-0.03,21.00
1.77,-0.04,21.00
1.82,-0.05,21.00
1.86,-0.06,21.00
1.88,-0.07,21.00
1.88,-0.07,21.00
1.75,-0.05,22.75
1.75,-0.05,22.75
1.73,-0.04,22.75
1.71,-0.03,22.75
1.67,-0.02,22.75
1.63,0.00,22.75
1.59,0.01,22.75
1.53,0.03,22.75
1.47,0.04,22.75
1.40,0.06,22.75
1.33,0.08,22.75
1.25,0.09,22.75
1.17,0.10,22.75
1.08,0.12,22.75
1.00,0.13,22.75
0.91,0.14,22.75
0.82,0.15,22.75
0.74,0.16,22.75
0.66,0.16,22.75
0.58,0.16,22.75
0.50,0.16,22.75
0.43,0.16,22.75
0.36,0.15,22.75
0.30,0.14,22.75
0.24,0.13,22.75
0.18,0.11,22.75
0.13,0.10,22.75
0.09,0.08,22.75
0.06,0.06,22.75
0.03,0.04,22.75
0.01,0.03,22.75
0.00,0.01,22.75
0.00,0.00,22.75
0.00,0.00,22.75
0.00,0.00,22.75
0.00,0.00,22.75
0.00,-0.01,22.75
0.00,-0.01,22.75
0.01,-0.02,22.75
0.03,-0.03,22.75
0.06,-0.04,22.75
0.10,-0.06,22.75
0.14,-0.07,22.75
0.20,-0.08,22.75
0.26,-0.10,22.75
0.32,-0.11,22.75
0.39,-0.13,22.75
0.45,-0.13,22.75
0.52,-0.14,22.75
0.59,-0.13,22.75
0.67,-0.12,22.75
0.76,-0.10,22.75
0.85,-0.08,22.75
0.95,-0.06,22.75
1.05,-0.05,22.75
1.15,-0.03,22.75
1.25,-0.02,22.75
1.34,-0.01,22.75
1.43,-0.01,22.75
1.52,-0.01,22.75
1.59,-0.02,22.75
1.65,-0.03,22.75
1.70,-0.03,22.75
1.73,-0.04,22.75
1.75,-0.05,22.75
1.75,-0.05,22.75
1.62,-0.03,24.50
1.62,-0.03,24.50
1.60,-0.02,24.50
1.58,-0.01,24.50
1.55,0.00,24.50
1.51,0.01,24.50
1.47,0.03,24.50
1.42,0.04,24.50
1.36,0.05,24.50
1.30,0.07,24.50
1.23,0.08,24.50
1.16,0.09,24.50
1.08,0.11,24.50
1.00,0.12,24.50
0.92,0.13,24.50
0.84,0.14,24.50
0.76,0.15,24.50
0.68,0.15,24.50
0.61,0.16,24.50
0.53,0.16,24.50
0.46,0.15,24.50
0.40,0.15,24.50
0.33,0.14,24.50
0.27,0.13,24.50
0.22,0.12,24.50
0.17,0.10,24.50
0.12,0.09,24.50
0.09,0.07,24.50
0.05,0.06,24.50
0.03,0.04,24.50
0.01,0.02,24.50
0.00,0.01,24.50
0.00,0.00,24.50
0.00,0.00,24.50
0.00,0.00,24.50
0.00,0.00,24.50
0.00,0.00,24.50
0.00,-0.01,24.50
0.01,-0.02,24.50
0.03,-0.03,24.50
0.06,-0.04,24.50
0.09,-0.05,24.50
0.13,-0.06,24.50
0.18,-0.08,24.50
0.24,-0.09,24.50
0.30,-0.10,24.50
0.36,-0.11,24.50
0.42,-0.12,24.50
0.48,-0.12,24.50
0.55,-0.12,24.50
0.62,-0.10,24.50
0.70,-0.09,24.50
0.79,-0.07,24.50
0.88,-0.05,24.50
0.97,-0.03,24.50
1.06,-0.02,24.50
1.15,-0.01,24.50
1.24,0.00,24.50
1.33,0.00,24.50
1.40,0.00,24.50
1.47,0.00,24.50
1.53,-0.01,24.50
1.57,-0.02,24.50
1.60,-0.03,24.50
1.62,-0.03,24.50
1.62,-0.03,24.50
1.49,-0.02,26.25
1.49,-0.01,26.25
1.47,-0.01,26.25
1.45,0.00,26.25
1.42,0.01,26.25
1.39,0.02,26.25
1.35,0.04,26.25
1.30,0.05,26.25
1.25,0.06,26.25
1.19,0.07,26.25
1.13,0.08,26.25
1.06,0.10,26.25
0.99,0.11,26.25
0.92,0.12,26.25
0.85,0.13,26.25
0.77,0.13,26.25
0.70,0.14,26.25
0.63,0.15,26.25
0.56,0.15,26.25
0.49,0.15,26.25
0.43,0.15,26.25
0.36,0.14,26.25
0.31,0.13,26.25
0.25,0.12,26.25
0.20,0.11,26.25
0.15,0.10,26.25
0.11,0.08,26.25
0.08,0.07,26.25
0.05,0.05,26.25
0.03,0.04,26.25
0.01,0.02,26.25
0.00,0.01,26.25
0.00,0.00,26.25
0.00,0.00,26.25
0.00,0.00,26.25
0.00,0.00,26.25
0.00,0.00,26.25
0.00,-0.01,26.25
0.01,-0.01,26.25
0.03,-0.02,26.25
0.05,-0.04,26.25
0.08,-0.05,26.25
0.12,-0.06,26.25
0.17,-0.07,26.25
0.22,-0.08,26.25
0.28,-0.09,26.25
0.33,-0.10,26.25
0.39,-0.11,26.25
0.45,-0.11,26.25
0.51,-0.10,26.25
0.57,-0.09,26.25
0.65,-0.07,26.25
0.72,-0.06,26.25
0.81,-0.04,26.25
0.89,-0.02,26.25
0.98,-0.01,26.25
1.06,0.00,26.25
1.14,0.01,26.25
1.22,0.01,26.25
1.29,0.01,26.25
1.35,0.01,26.25
1.41,0.00,26.25
1.44,0.00,26.25
1.47,-0.01,26.25
1.49,-0.01,26.25
1.49,-0.02,26.25
1.38,-0.01,28.00
1.37,-0.01,28.00
1.36,-0.01,28.00
1.34,0.00,28.00
1.31,0.01,28.00
1.28,0.02,28.00
1.24,0.04,28.00
1.20,0.05,28.00
1.15,0.06,28.00
1.10,0.07,28.00
1.04,0.08,28.00
0.98,0.09,28.00
0.91,0.10,28.00
0.85,0.11,28.00
0.78,0.12,28.00
0.71,0.13,28.00
0.64,0.13,28.00
0.58,0.14,28.00
0.51,0.14,28.00
0.45,0.14,28.00
0.39,0.14,28.00
0.33,0.13,28.00
0.28,0.12,28.00
0.23,0.11,28.00
0.18,0.10,28.00
0.14,0.09,28.00
0.10,0.08,28.00
0.07,0.06,28.00
0.05,0.05,28.00
0.02,0.03,28.00
0.01,0.02,28.00
0.00,0.01,28.00
0.00,0.00,28.00
0.00,0.00,28.00
0.00,0.00,28.00
0.00,0.00,28.00
0.00,0.00,28.00
0.00,-0.01,28.00
0.01,-0.01,28.00
0.02,-0.02,28.00
0.05,-0.03,28.00
0.08,-0.04,28.00
0.11,-0.05,28.00
0.16,-0.06,28.00
0.20,-0.07,28.00
0.25,-0.08,28.00
0.31,-0.09,28.00
0.36,-0.10,28.00
0.41,-0.10,28.00
0.47,-0.09,28.00
0.53,-0.08,28.00
0.60,-0.07,28.00
0.67,-0.05,28.00
0.74,-0.03,28.00
0.82,-0.02,28.00
0.90,-0.01,28.00
0.98,0.00,28.00
1.05,0.01,28.00
1.12,0.01,28.00
1.19,0.01,28.00
1.25,0.01,28.00
1.29,0.01,28.00
1.33,0.00,28.00
1.36,-0.01,28.00
1.37,-0.01,28.00
1.38,-0.01,28.00
1.26,-0.01,29.75
1.25,-0.01,29.75
1.24,0.00,29.75
1.22,0.01,29.75
1.20,0.01,29.75
1.17,0.03,29.75
1.14,0.04,29.75
1.10,0.05,29.75
1.05,0.05,29.75
1.00,0.06,29.75
0.95,0.07,29.75
0.89,0.08,29.75
0.84,0.09,29.75
0.77,0.10,29.75
0.71,0.11,29.75
0.65,0.12,29.75
0.59,0.12,29.75
0.53,0.13,29.75
0.47,0.13,29.75
0.41,0.13,29.75
0.36,0.12,29.75
0.31,0.12,29.75
0.26,0.11,29.75
0.21,0.10,29.75
0.17,0.09,29.75
0.13,0.08,29.75
0.09,0.07,29.75
0.07,0.06,29.75
0.04,0.04,29.75
0.02,0.03,29.75
0.01,0.02,29.75
0.00,0.01,29.75
0.00,0.00,29.75
0.00,0.00,29.75
0.00,0.00,29.75
0.00,0.00,29.75
0.00,0.00,29.75
0.00,-0.01,29.75
0.01,-0.01,29.75
0.02,-0.02,29.75
0.04,-0.03,29.75
0.07,-0.04,29.75
0.10,-0.05,29.75
0.14,-0.06,29.75
0.19,-0.07,29.75
0.23,-0.07,29.75
0.28,-0.08,29.75
0.33,-0.09,29.75
0.38,-0.09,29.75
0.43,-0.08,29.75
0.48,-0.07,29.75
0.54,-0.06,29.75
0.61,-0.05,29.75
0.68,-0.03,29.75
0.75,-0.02,29.75
0.82,0.00,29.75
0.89,0.01,29.75
0.96,0.01,29.75
1.03,0.02,29.75
1.09,0.02,29.75
1.14,0.01,29.75
1.18,0.01,29.75
1.22,0.00,29.75
1.24,0.00,29.75
1.25,-0.01,29.75
1.26,-0.01,29.75
1.14,0.00,31.50
1.14,0.00,31.50
1.13,0.00,31.50
1.11,0.01,31.50
1.09,0.01,31.50
1.06,0.02,31.50
1.03,0.03,31.50
1.00,0.04,31.50
0.96,0.05,31.50
0.91,0.06,31.50
0.86,0.07,31.50
0.81,0.08,31.50
0.76,0.09,31.50
0.71,0.09,31.50
0.65,0.10,31.50
0.60,0.11,31.50
0.54,0.11,31.50
0.49,0.12,31.50
0.44,0.12,31.50
0.39,0.11,31.50
0.34,0.11,31.50
0.29,0.11,31.50
0.24,0.10,31.50
0.20,0.09,31.50
0.16,0.08,31.50
0.12,0.07,31.50
0.09,0.06,31.50
0.06,0.05,31.50
0.04,0.04,31.50
0.02,0.03,31.50
0.01,0.02,31.50
0.00,0.01,31.50
0.00,0.00,31.50
0.00,0.00,31.50
0.00,0.00,31.50
0.00,0.00,31.50
0.00,0.00,31.50
0.00,0.00,31.50
0.00,-0.01,31.50
0.02,-0.01,31.50
0.03,-0.02,31.50
0.06,-0.02,31.50
0.09,-0.03,31.50
0.12,-0.03,31.50
0.16,-0.04,31.50
0.21,-0.04,31.50
0.25,-0.05,31.50
0.30,-0.05,31.50
0.35,-0.05,31.50
0.40,-0.05,31.50
0.45,-0.04,31.50
0.51,-0.03,31.50
0.57,-0.02,31.50
0.63,-0.01,31.50
0.70,0.00,31.50
0.76,0.01,31.50
0.82,0.01,31.50
0.88,0.02,31.50
0.94,0.02,31.50
0.99,0.02,31.50
1.04,0.01,31.50
1.08,0.01,31.50
1.10,0.00,31.50
1.13,0.00,31.50
1.14,0.00,31.50
1.14,0.00,31.50
1.02,0.00,33.25
1.02,0.00,33.25
1.01,0.00,33.25
1.00,0.01,33.25
0.98,0.02,33.25
0.95,0.02,33.25
0.93,0.03,33.25
0.89,0.04,33.25
0.86,0.05,33.25
0.82,0.06,33.25
0.78,0.06,33.25
0.73,0.07,33.25
0.68,0.08,33.25
0.63,0.09,33.25
0.59,0.09,33.25
0.54,0.10,33.25
0.49,0.10,33.25
0.44,0.10,33.25
0.39,0.10,33.25
0.35,0.10,33.25
0.30,0.10,33.25
0.26,0.10,33.25
0.22,0.09,33.25
0.18,0.08,33.25
0.14,0.07,33.25
0.11,0.07,33.25
0.08,0.06,33.25
0.06,0.05,33.25
0.04,0.04,33.25
0.02,0.03,33.25
0.01,0.02,33.25
0.00,0.01,33.25
0.00,0.00,33.25
0.00,0.00,33.25
0.00,0.00,33.25
0.00,0.00,33.25
0.00,0.00,33.25
0.00,0.00,33.25
0.00,-0.01,33.25
0.01,-0.01,33.25
0.03,-0.02,33.25
0.05,-0.02,33.25
0.08,-0.02,33.25
0.11,-0.03,33.25
0.14,-0.03,33.25
0.18,-0.04,33.25
0.23,-0.04,33.25
0.27,-0.04,33.25
0.31,-0.04,33.25
0.36,-0.04,33.25
0.41,-0.03,33.25
0.46,-0.03,33.25
0.51,-0.02,33.25
0.57,-0.01,33.25
0.62,0.00,33.25
0.68,0.01,33.25
0.74,0.01,33.25
0.79,0.02,33.25
0.84,0.02,33.25
0.89,0.02,33.25
0.93,0.01,33.25
0.96,0.01,33.25
0.99,0.01,33.25
1.01,0.00,33.25
1.02,0.00,33.25
1.02,0.00,33.25
0.91,0.00,35.00
0.90,0.00,35.00
0.89,0.00,35.00
0.88,0.01,35.00
0.86,0.02,35.00
0.84,0.02,35.00
0.82,0.03,35.00
0.79,0.04,35.00
0.76,0.04,35.00
0.72,0.05,35.00
0.69,0.06,35.00
0.65,0.06,35.00
0.60,0.07,35.00
0.56,0.08,35.00
0.52,0.08,35.00
0.47,0.09,35.00
0.43,0.09,35.00
0.39,0.09,35.00
0.35,0.09,35.00
0.31,0.09,35.00
0.27,0.09,35.00
0.23,0.08,35.00
0.19,0.08,35.00
0.16,0.07,35.00
0.13,0.07,35.00
0.10,0.06,35.00
0.07,0.05,35.00
0.05,0.04,35.00
0.03,0.03,35.00
0.02,0.02,35.00
0.01,0.01,35.00
0.00,0.01,35.00
0.00,0.00,35.00
0.00,0.00,35.00
0.00,0.00,35.00
0.00,0.00,35.00
0.00,0.00,35.00
0.00,0.00,35.00
0.00,0.00,35.00
0.01,-0.01,35.00
0.03,-0.01,35.00
0.05,-0.02,35.00
0.07,-0.02,35.00
0.10,-0.02,35.00
0.13,-0.03,35.00
0.16,-0.03,35.00
0.20,-0.04,35.00
0.24,-0.04,35.00
0.28,-0.04,35.00
0.32,-0.03,35.00
0.36,-0.03,35.00
0.41,-0.02,35.00
0.45,-0.02,35.00
0.50,-0.01,35.00
0.55,0.00,35.00
0.60,0.01,35.00
0.65,0.01,35.00
0.70,0.01,35.00
0.75,0.02,35.00
0.79,0.02,35.00
0.82,0.01,35.00
0.85,0.01,35.00
0.88,0.01,35.00
0.89,0.00,35.00
0.90,0.00,35.00
0.91,0.00,35.00
